AREA:
- id: 0
  p1:
    x: -2.128
    y: 2.355
  p2:
    x: 2.8579406105071423
    y: 2.367461736092245
  p3:
    x: 2.865
    y: -0.457
  p4:
    x: -2.1209406105071427
    y: -0.4694617360922448
  start:
    x: -1.744
    y: -0.27
  end:
    x: -1.594
    y: -0.272
  wall:
    start:
      x: -1.972
      y: 1.983
    end:
      x: 2.029
      y: 1.993
    angle: 0.002499369951801421
    length: 4.001012496856264
